BOTTLE,191,14,10,16
BAND,8,15,16,14
AMBER_TEAR,97,15,12,16
GOLDEN_MASK,111,15,14,16
MIRACLE_CHEST,127,15,16,16
WONDER_CHEST,145,15,16,16
SEED,254,16,12,12
MUSIC_KEY,84,17,11,14
GABITE_SCALE,203,17,14,13
sprite235,26,18,16,10
RED_APPLE,97,54,13,15
GOLDEN_APPLE,113,54,13,15
CACNEA_SPIKE,4,55,13,13
CORSOLA_TWIG,19,55,13,13
GOLD_FANG,34,55,13,13
IRON_THORN,49,55,13,13
SILVER_SPIKE,64,55,13,13
CHERI_BERRI,161,55,15,12
CHESTO_BERRY,179,55,15,12
ORAN_BERRY,197,55,15,12
PECHA_BERRY,215,55,15,12
RAWST_BERRY,233,55,15,12
SITRUS_BERRY,251,55,15,12
GRIMY_FOOD,129,59,12,9
GOLDEN_TWIG,19,70,14,14
STICK,4,71,13,13
ANCIENT_FOSSIL,35,72,13,12
GEO_PEBBLE,50,73,12,9
GRAVELROCK,64,73,12,9
ORB,160,106,14,14
RED_GUMMI,7,107,12,12
ORANGE_GUMMI,20,107,12,12
GOLD_GUMMI,33,107,12,12
GRASS_GUMMI,46,107,12,12
GREEN_GUMMY,59,107,12,12
SKY_GUMMI,72,107,12,12
BLUE_GUMMI,85,107,12,12
ROYAL_GUMMI,98,107,12,12
PURPLE_GUMMI,111,107,12,12
CS,216,109,14,14
CT,232,109,14,14
sprite236,248,109,14,14
MYSTERIOUS_GUMMI,85,120,12,12
YELLOW_GUMMI,98,120,12,12
PINK_GUMMI,7,121,12,12
BLACK_GUMMI,20,121,12,12
BROWN_GUMMI,33,121,12,12
WHITE_GUMMI,46,121,12,12
SILVER_GUMMI,59,121,12,12
GREY_GUMMI,72,121,12,12
sprite71,294,158,30,26
RED_CHEST,22,162,16,16
BROWN_CHEST,40,162,16,16
BLUE_CHEST,58,162,16,16
KEY,197,162,10,16
PAPER,338,163,16,13
ENIGMA_PART,117,164,16,14
SECRET_STONEPLATE,135,164,16,13
HIDDEN_GOLD,167,164,12,13
LINK_BOX,209,164,16,16
MYSTERIOUS_EGG,227,164,14,16
POKEDOLLAR,181,165,14,11
UNOWN_STONE,153,167,12,9
MAGMARIZER,8,208,12,13
ELECTRIZER,22,208,12,13
LINK_CABLE,50,208,12,13
RAZOR_CLAW,64,208,12,13
REAPER_CLOWTH,78,208,12,13
DUBIOUS_DISC,92,208,12,13
METAL_COAT,106,208,12,13
PROTECTOR,120,208,12,13
RAZOR_FANG,134,208,12,13
UPGRADE,148,208,12,13
DEEPSEATOOTH,162,208,12,13
BIG_RED_CHEST,344,213,32,31
BIG_BLUE_CHEST,380,213,32,31
sprite103,310,217,9,9
sprite104,321,217,9,9
FIRE_STONE,8,224,13,12
SUN_STONE,23,224,13,12
SHINY_STONE,38,224,13,12
THUNDERSTONE,53,224,13,12
LEAF_STONE,68,224,13,12
OVAL_STONE,83,224,13,12
WATER_STONE,98,224,13,12
DAWN_STONE,113,224,13,12
DUSK_STONE,128,224,13,12
MOON_STONE,143,224,13,12
BROWN_STONE,158,224,13,12
MT_CORONET_STONE,8,239,14,14
MOSS_ROCK,24,239,14,14
FROZEN_ROCK,40,239,14,14
SUN_RIBBON,57,239,16,14
sprite120,75,239,16,14
LUNAR_RIBBON,93,239,16,14
DRAGON_SCALE,112,239,14,14
DEEP_SEA_SCALE,128,239,14,14
sprite124,58,283,16,16
sprite125,76,283,16,16
sprite126,94,283,16,16
sprite127,112,283,16,16
sprite128,130,283,16,16
sprite129,148,283,16,16
sprite130,166,283,16,16
sprite131,184,283,16,16
sprite132,202,283,16,16
sprite133,220,283,16,16
sprite134,238,283,16,16
sprite135,256,283,16,16
sprite136,274,283,16,16
sprite137,292,283,16,16
sprite138,310,283,16,16
sprite139,328,283,16,16
sprite140,346,283,16,16
sprite141,13,285,10,14
sprite142,42,285,14,14
sprite143,25,287,15,12
sprite144,25,300,13,16
sprite145,57,300,16,16
sprite146,125,300,16,16
sprite147,203,300,16,16
sprite148,221,300,16,16
sprite149,257,300,16,16
sprite150,275,300,16,16
sprite151,293,300,13,16
sprite152,326,300,12,16
sprite153,75,301,16,15
sprite154,107,301,16,15
sprite155,308,301,16,15
sprite156,340,301,13,16
sprite157,372,301,16,16
sprite158,13,302,10,14
sprite159,187,302,14,14
sprite160,93,303,12,13
sprite161,159,303,12,13
sprite162,173,303,12,13
sprite163,40,304,15,12
sprite164,143,304,14,12
sprite165,239,304,16,12
sprite166,355,305,15,12
sprite167,40,317,16,16
sprite168,58,317,12,16
sprite169,88,317,16,16
sprite170,157,317,10,16
sprite171,169,317,16,16
sprite172,222,317,15,16
sprite173,239,317,16,16
sprite174,139,318,16,15
sprite175,273,318,16,16
sprite176,291,318,13,16
sprite177,336,318,12,16
sprite178,362,318,15,16
sprite179,379,318,16,16
sprite180,13,319,11,14
sprite181,123,319,14,14
sprite182,187,319,16,14
sprite183,26,320,12,13
sprite184,257,320,14,14
sprite185,306,320,14,14
sprite186,350,320,10,14
sprite187,106,321,15,12
sprite188,205,321,15,12
sprite189,322,321,12,13
sprite190,72,322,14,11
sprite191,62,334,15,16
sprite192,128,334,13,16
sprite193,79,335,16,15
sprite194,13,336,14,14
sprite195,30,336,14,14
sprite196,46,336,14,14
sprite197,97,336,11,14
sprite198,110,336,16,14
sprite199,143,337,16,13
sprite200,253,359,16,15
sprite201,272,359,16,15
sprite202,291,359,16,15
sprite203,310,359,16,15
sprite204,329,359,16,15
sprite205,348,359,16,15
sprite206,367,359,16,15
sprite207,386,359,16,15
sprite208,253,377,16,15
sprite209,272,377,16,15
sprite210,291,377,16,15
sprite211,310,377,16,15
sprite212,329,377,16,15
sprite213,348,377,16,15
sprite214,367,377,16,15
sprite215,386,377,16,15
sprite216,10,380,24,24
sprite217,36,380,24,24
sprite218,61,380,24,24
sprite219,86,380,24,24
sprite220,111,380,24,24
sprite221,136,380,24,24
sprite222,161,380,24,24
sprite223,186,380,24,24
sprite224,10,405,24,24
sprite225,36,405,24,24
sprite226,61,405,24,24
sprite227,86,405,24,24
sprite228,111,405,24,24
sprite229,136,405,24,24
sprite230,161,405,24,24
sprite231,186,405,24,24
sprite232,227,423,32,23
sprite233,265,423,32,23
sprite234,304,423,32,23
sprite235,343,423,32,23
sprite236,382,423,32,23
sprite237,36,208,12,13
sprite238,36,430,24,24
sprite239,61,430,24,24
sprite240,86,430,24,24
sprite241,111,430,24,24
sprite242,136,430,24,24
sprite243,161,430,24,24
sprite244,186,430,24,24
sprite245,227,450,32,23
sprite246,265,450,32,23
sprite247,304,450,32,23
sprite248,343,450,32,23
sprite249,382,450,32,23
sprite250,10,455,24,24
sprite251,36,455,24,24
sprite252,61,455,24,24
sprite253,414,465,7,7